-1791 298 3006
-1790 298 900
-1785 294 0
-1786 294 92
-1788 297 0
-1789 298 0
-1789 299 0
-1788 298 83
-1777 291 0
-1760 280 0
-1730 267 1
-1717 265 1
-1708 265 0
-1704 268 0
-1701 282 0
-1703 297 0
-1704 299 38
-1718 314 1
-1727 322 0
-1729 324 0
-1732 327 1
-1737 332 0
-1743 338 1
-1745 341 0
-1750 344 0
-1755 346 0
-1765 352 1
-1775 360 0
-1789 380 2
-1798 401 1
-1794 430 0
-1771 454 0
-1770 454 28
-1735 470 0
-1713 465 0
-1692 451 40
-1682 438 0
-1675 428 3
-1644 375 0
-1632 356 0
-1620 335 0
-1609 313 76
-1586 277 0
-1570 269 0
-1529 271 0
-1499 282 1
-1462 311 0
-1456 354 0
-1460 376 0
-1465 389 0
-1471 397 0
-1472 400 0
-1491 434 0
-1509 454 0
-1524 468 0
-1536 476 0
-1549 484 0
-1639 568 30
-1628 596 0
-1616 603 7
-1610 606 0
-1603 610 0
-1586 616 1
-1569 618 0
-1554 615 0
-1539 613 0
-1520 609 0
-1510 606 1
-1491 596 0
-1457 562 0
-1455 559 43
-1444 542 0
-1442 538 29
-1428 515 0
-1424 506 1
-1413 481 1
-1406 456 0
-1401 435 0
-1399 420 1
-1392 398 0
-1377 367 0
-1354 338 0
-1341 328 0
-1328 320 0
-1303 310 0
-1294 308 0
-1286 307 0
-1264 311 0
-1232 320 0
-1231 321 32
-1204 341 0
-1203 341 26
-1186 373 0
-1183 385 0
-1181 392 1
-1181 411 0
-1181 431 1
-1182 445 0
-1187 471 0
-1192 485 0
-1200 501 0
-1218 530 0
-1229 545 0
-1241 563 0
-1250 578 0
-1274 619 0
-1284 637 0
-1285 643 0
-1283 646 0
-1281 650 0
-1251 670 1
-1215 676 0
-1191 678 1
-1125 680 0
-1114 678 1
-1102 675 1
-1080 666 0
-1067 658 0
-1054 649 0
-1046 638 1
-1029 608 0
-1019 583 0
-1010 533 0
-1006 511 0
-999 481 0
-995 465 0
-980 431 0
-969 411 0
-961 398 0
-950 382 0
-940 371 0
-895 346 0
-879 345 0
-853 349 0
-830 353 1
-815 358 0
-794 380 0
-782 394 0
-774 406 0
-764 426 0
-757 448 0
-743 499 0
-742 526 0
-741 547 0
-743 563 1
-748 586 0
-756 602 1
-766 615 1
-776 630 1
-784 643 0
-788 653 0
-790 662 0
-790 670 0
-789 677 0
-781 682 0
-770 687 1
-757 692 1
-747 695 0
-739 698 0
-728 702 0
-717 707 0
-694 712 1
-666 719 0
-642 722 0
-601 723 0
-584 723 0
-567 720 0
-552 716 0
-537 705 0
-528 698 1
-522 692 0
-513 680 0
-509 674 0
-507 670 0
-505 667 1
-498 656 0
-493 650 0
-487 640 0
-483 633 0
-480 625 0
-479 621 0
-478 618 0
-478 617 152
-487 607 0
-500 596 0
-506 594 8
-517 596 0
-544 606 0
-559 612 1
-566 618 0
-582 633 0
-597 658 0
-598 663 1
-592 672 0
-572 678 0
-566 678 0
-557 678 0
-542 672 0
-537 661 0
-540 650 0
-553 641 0
-557 643 1
-560 644 0
-562 645 0
-562 646 37
-562 647 37
-562 648 11
-563 651 0
-562 651 503
