647 453 3168
646 453 473
646 454 1
644 454 0
643 455 0
641 456 0
639 457 0
637 458 0
634 459 0
632 460 0
630 462 1
628 463 0
625 465 0
624 467 0
622 470 0
620 473 0
618 476 0
617 479 0
615 484 0
614 488 0
613 492 0
613 494 0
613 497 0
613 500 0
613 502 0
613 503 0
615 504 0
617 504 0
620 505 0
623 505 0
627 503 0
632 500 0
637 497 0
640 494 0
643 491 0
647 487 0
649 483 0
651 479 0
652 475 0
653 472 0
653 469 0
653 466 0
653 464 0
651 462 0
650 460 0
647 458 0
645 456 0
641 455 0
636 453 0
632 453 0
628 453 0
624 453 0
620 453 0
617 455 0
615 456 0
615 457 0
614 459 0
614 460 0
614 461 0
615 461 0
616 463 0
618 464 0
621 464 0
624 465 0
628 466 0
632 466 0
635 466 0
638 465 0
639 464 0
640 463 0
640 462 0
640 461 0
640 459 0
639 458 1
637 456 0
635 455 0
633 454 0
631 453 0
628 453 0
626 453 0
624 452 0
623 452 0
621 452 0
620 452 0
619 453 0
618 453 0
618 454 10
619 454 0
620 455 0
622 455 0
624 456 0
626 456 0
630 456 0
633 456 0
636 456 0
639 456 0
641 455 0
643 455 0
645 454 0
646 453 0
647 452 0
647 451 23
646 451 0
645 451 0
644 451 0
643 451 0
641 451 0
642 452 41
643 452 0
644 452 0
646 452 0
647 452 0
649 452 0
650 452 0
651 452 0
653 452 0
654 452 0
655 452 0
657 452 0
659 451 0
661 450 0
664 449 0
666 448 0
669 447 0
672 445 0
676 444 0
681 442 0
685 440 0
690 438 0
695 436 0
700 434 0
706 432 0
711 430 0
716 428 0
719 427 0
724 425 0
728 423 0
731 421 0
735 419 0
739 417 0
743 415 0
747 413 0
751 410 0
754 409 0
759 406 0
762 405 0
764 404 0
768 402 0
771 401 0
773 400 0
776 399 0
778 398 0
780 397 0
781 396 0
783 395 0
784 395 0
786 394 0
787 394 0
788 393 0
789 392 0
790 392 1
790 391 1
791 391 0
792 391 1
792 390 10
793 390 2
793 389 11
794 389 0
795 389 3
795 388 0
796 388 3
796 387 7
797 387 4
797 386 18
798 386 0
798 385 0
799 385 0
800 385 3
800 384 0
801 384 8
801 383 13
801 382 17
802 382 14
802 381 28
802 380 40
802 379 5
802 378 5
801 378 0
801 377 3
801 376 12
800 376 0
800 375 129
800 374 43
800 373 23
800 372 9
800 371 8
800 370 2
800 369 0
800 368 0
800 367 3
800 366 4
800 365 17
800 364 21
800 363 10
800 362 8
801 362 28
801 361 29
802 361 7
802 360 0
803 359 1
804 358 3
804 357 6
805 357 0
806 357 1
806 356 0
807 356 1
808 355 0
808 354 1
809 354 0
810 354 0
811 353 0
813 352 0
815 352 0
818 351 0
820 351 0
822 350 0
824 350 0
826 349 0
827 349 0
829 349 0
830 349 0
832 349 0
833 349 0
834 349 0
835 349 0
836 349 0
837 349 0
838 349 0
839 349 0
840 350 0
841 351 0
842 352 0
843 353 0
844 354 0
845 356 0
845 357 0
846 359 0
847 361 0
848 363 0
849 365 0
849 367 0
850 370 0
851 372 0
851 373 0
851 375 0
851 376 0
852 377 0
852 378 4
852 379 2
852 380 3
852 381 2
852 382 2
852 383 0
852 384 0
852 385 0
852 386 0
852 387 0
852 388 0
852 389 0
852 390 0
852 391 0
851 392 3
851 393 8
850 393 8
850 394 15
849 394 4
848 394 17
848 395 4
847 395 11
846 395 21
845 395 23
845 396 4
844 396 0
843 396 2
842 396 13
841 396 6
840 396 4
839 396 3
839 395 0
838 395 0
838 394 1
837 394 0
836 393 0
835 392 5
834 392 5
834 391 0
833 391 2
833 390 0
833 389 23
832 389 4
832 388 27
832 387 32
832 386 21
832 385 21
832 384 18
832 383 11
832 382 12
832 381 4
832 380 3
833 380 0
833 379 0
833 378 3
833 377 6
833 376 23
834 376 157
834 375 21
834 374 50
834 373 26
834 372 17
834 371 19
834 370 36
834 369 73
834 368 48
834 367 53
834 366 15
835 366 11
835 365 0
835 364 0
835 363 6
836 363 0
836 362 0
836 361 51
836 360 49
836 359 12
837 359 0
837 358 8
837 357 34
838 357 0
838 356 12
839 356 6
839 355 0
840 355 10
840 354 0
840 353 18
841 353 0
841 352 9
842 352 0
842 351 11
843 351 0
843 350 4
844 350 0
844 349 2
845 349 0
846 348 5
846 347 7
847 347 0
847 346 0
848 346 0
848 345 0
849 345 0
849 344 0
850 344 0
850 343 4
851 343 0
851 342 3
852 342 0
852 341 12
853 341 1
853 340 8
854 340 7
854 339 9
855 339 0
856 339 14
856 338 0
857 338 23
857 337 0
858 337 18
858 336 0
859 336 1
859 335 0
860 335 0
861 334 0
861 333 2
862 333 0
862 332 7
863 332 0
864 332 3
864 331 0
865 331 6
865 330 0
866 330 0
867 329 0
868 328 0
869 328 1
869 327 0
870 326 0
871 326 0
872 325 0
873 324 0
874 323 0
876 322 0
878 320 0
880 318 0
882 317 0
885 315 0
888 313 0
891 311 0
895 309 0
898 307 0
902 305 0
907 302 0
911 300 0
915 298 0
919 295 0
925 292 0
930 290 0
936 288 0
946 284 0
955 281 0
969 277 0
981 273 0
996 269 0
1020 265 0
1056 259 0
1090 255 0
1126 252 0
1173 251 0
1222 250 0
1281 250 0
1349 250 0
1416 252 0
1493 254 0
1561 258 0
1631 263 0
1688 268 0
1740 276 0
1784 286 0
1814 298 0
1827 310 0
1825 324 0
1809 335 0
1780 347 0
1721 363 0
1648 377 0
1522 393 0
1396 405 0
1219 416 0
1112 420 14
629 424 0
431 420 0
273 416 0
187 414 0
119 413 0
114 413 11
111 427 0
214 441 0
345 456 0
443 466 0
574 478 0
691 488 0
808 497 0
922 505 0
1027 512 0
1122 516 0
1221 520 0
1280 522 0
1318 525 0
1332 526 0
1326 526 0
1292 525 0
1249 524 0
1186 522 0
1115 521 14
724 523 0
624 525 0
554 528 0
495 531 0
469 533 0
472 534 0
500 534 0
554 532 0
648 530 0
795 527 0
914 525 0
1066 524 0
1249 520 0
1397 518 0
1500 517 0
1605 517 0
1652 519 0
1658 522 0
1619 526 0
1528 531 0
1391 535 0
1239 539 0
1102 544 14
388 565 0
261 567 0
153 569 0
101 571 13
54 568 0
125 568 0
231 568 0
372 568 0
535 568 0
739 567 0
925 567 0
1113 566 0
1315 566 0
1474 566 0
1605 569 0
1704 573 0
1767 580 0
1767 582 0
1706 582 0
1621 583 0
1521 583 0
1353 583 0
1125 583 0
856 584 0
624 584 0
434 586 0
230 594 0
116 607 0
72 632 0
153 653 0
247 667 14
896 749 0
1168 762 0
1382 767 0
1498 769 0
1601 769 0
1669 761 0
1658 754 0
1623 743 0
1567 734 0
1506 727 0
1419 723 0
1320 721 0
1215 721 0
1103 721 0
976 724 0
824 731 0
709 739 0
625 748 0
562 756 0
514 763 0
491 766 0
485 767 0
488 768 0
502 767 0
523 765 0
565 759 0
624 752 0
692 745 0
767 737 0
852 727 0
940 717 0
1010 708 0
1094 695 0
1171 679 0
1243 661 0
1305 643 0
1352 626 0
1398 607 0
1436 588 0
1469 569 0
1496 548 0
1509 533 0
1518 513 0
1520 500 1
1520 485 0
1517 478 0
1511 474 0
1506 472 0
1502 471 0
1499 474 0
1495 481 0
1485 499 0
1472 520 0
1458 544 0
1444 569 0
1430 595 0
1418 626 0
1409 654 0
1403 673 0
1400 694 0
1399 709 14
1406 727 0
1408 727 0
1408 726 0
1409 725 0
1408 725 55
1400 730 0
1383 741 0
1365 756 0
1346 773 0
1321 794 0
1302 809 0
1278 828 0
1252 847 0
1216 871 0
1179 893 0
1146 910 0
1113 924 0
1080 937 0
1042 951 0
1004 964 0
977 974 0
950 983 0
925 992 0
909 998 0
893 1003 0
879 1008 0
863 1014 0
847 1020 0
830 1027 0
813 1033 0
796 1040 0
784 1044 0
770 1050 0
761 1053 0
753 1055 0
744 1057 0
732 1059 0
720 1061 0
706 1062 0
686 1063 0
673 1063 0
661 1063 0
649 1062 0
641 1060 0
631 1058 0
620 1055 0
611 1051 0
599 1047 0
589 1043 0
581 1041 0
573 1037 0
568 1035 0
565 1033 0
563 1032 0
562 1032 0
561 1032 0
559 1032 0
556 1032 0
550 1034 0
546 1036 0
542 1040 0
537 1047 0
535 1052 0
534 1057 0
533 1061 0
533 1064 0
533 1067 0
533 1068 0
533 1069 2
532 1069 5
532 1070 0
531 1070 0
530 1070 0
529 1070 2
528 1070 1
526 1070 0
523 1069 0
518 1067 0
513 1066 0
508 1065 0
504 1064 0
499 1063 0
495 1062 0
493 1061 0
491 1061 0
489 1060 0
486 1060 0
483 1060 0
479 1059 0
475 1059 0
469 1059 0
466 1059 0
464 1059 0
463 1059 0
463 1060 96
463 1061 9
463 1062 6
464 1062 10
464 1063 95
465 1063 8
465 1064 0
467 1066 0
470 1068 0
470 1071 0
470 1072 0
470 1073 86
478 1076 0
489 1079 0
503 1079 0
520 1079 0
543 1079 0
561 1079 0
574 1079 0
585 1079 0
586 1079 0
586 1077 0
586 1072 0
586 1055 0
589 1026 1
601 952 0
616 869 0
639 775 0
673 674 0
686 641 10
788 437 0
824 376 0
858 319 0
884 274 0
901 242 0
911 210 0
912 193 0
904 183 0
881 178 0
830 186 0
744 218 0
658 260 0
548 319 0
456 369 0
381 417 0
386 464 0
456 490 0
580 505 0
734 509 0
1016 509 0
1323 502 0
1538 487 0
1679 471 0
1743 450 0
1731 432 0
1660 410 0
1451 393 0
1252 392 0
1119 393 13
563 406 0
423 408 0
312 412 0
262 419 0
267 428 0
321 441 0
410 453 0
519 461 0
651 467 0
778 469 0
944 470 0
1092 470 0
1309 466 0
1493 461 0
1666 453 0
1850 442 0
1898 438 11
1919 389 0
1916 376 0
1887 362 0
1827 347 0
1739 337 0
1595 327 0
1447 322 0
1280 319 0
1102 317 14
463 305 0
354 303 0
257 302 0
189 302 0
155 307 0
157 312 0
186 320 0
242 327 0
332 331 0
428 333 0
571 337 0
730 340 0
910 342 0
1066 344 0
1257 345 0
1445 345 0
1610 345 0
1758 341 0
1874 334 0
1889 333 10
1887 277 0
1825 260 0
1710 241 0
1583 227 0
1433 214 0
1242 204 0
1100 197 14
514 182 0
409 182 0
336 183 0
295 187 0
286 190 0
298 193 0
334 197 0
396 199 0
502 201 0
619 204 0
728 206 0
855 209 0
985 211 0
1145 213 0
1273 214 0
1419 214 0
1524 214 0
1642 212 0
1716 207 0
1756 201 0
1769 193 0
1760 187 0
1719 178 0
1666 173 0
1578 167 0
1461 163 0
1328 159 0
1182 155 0
1103 154 12
549 147 0
444 146 0
352 146 0
283 148 0
235 152 0
209 158 0
204 166 0
222 177 0
254 187 0
310 198 0
402 210 0
501 221 0
659 237 0
786 247 0
943 256 0
1079 261 0
1238 266 0
1389 270 0
1505 273 0
1615 277 0
1699 279 0
1745 279 0
1762 279 0
1755 278 0
1720 275 0
1666 273 0
1581 271 0
1460 268 0
1270 264 0
1112 259 15
542 244 0
441 241 0
353 239 0
291 238 0
249 237 0
231 238 0
236 239 0
260 241 0
306 242 0
369 243 0
455 244 0
561 246 0
705 249 0
867 251 0
1004 251 0
1258 251 0
1486 245 0
1634 236 0
1748 223 0
1812 209 0
1851 192 0
1857 180 0
1850 168 1
1817 154 0
1759 144 0
1681 135 15
1288 119 0
1141 118 0
1004 120 0
880 128 0
796 139 0
748 149 0
729 160 0
729 168 0
738 173 0
757 178 0
784 184 0
827 190 0
897 199 0
950 206 0
1011 212 0
1063 218 0
1101 222 0
1121 224 0
1128 225 0
1129 225 0
1129 224 25
1129 223 4
1128 223 11
1128 224 0
1126 225 0
1126 226 0
1125 226 0
1124 226 0
1123 226 0
1122 226 10
1119 222 0
1118 220 0
1117 218 0
1116 214 0
1115 210 0
1114 205 0
1112 199 0
1112 192 0
1112 185 0
1113 177 0
1115 169 0
1116 162 0
1116 156 0
1116 153 0
1116 150 1
1116 148 0
1115 147 0
1114 147 68
1113 147 27
