534 467 3004
534 468 653
535 470 0
537 472 0
539 476 0
540 478 0
542 483 0
544 486 0
546 490 0
548 494 0
550 499 0
552 503 0
554 506 0
557 513 0
558 514 0
559 517 0
561 520 0
563 522 0
564 524 0
566 527 0
567 530 0
569 532 0
571 536 0
573 539 0
574 542 0
576 544 0
577 547 0
579 550 0
582 553 0
584 556 0
587 559 0
591 563 0
594 566 0
599 570 1
604 574 0
608 577 0
612 580 0
616 583 0
623 587 0
627 590 0
632 594 0
639 598 0
644 602 0
652 607 0
659 611 0
671 618 0
677 621 0
682 624 0
688 626 0
695 628 0
703 630 0
710 632 0
718 634 0
730 636 0
743 638 0
763 641 0
772 642 0
781 643 0
790 644 0
797 644 0
806 644 0
813 645 0
818 645 0
823 645 0
828 645 0
836 646 0
841 646 0
849 646 0
857 646 0
867 644 0
876 642 0
885 640 0
892 637 0
900 635 1
904 634 0
906 634 0
909 634 0
910 633 0
912 633 0
914 633 1
915 633 0
915 632 0
916 632 25
916 631 2
917 630 0
919 629 0
920 628 0
921 627 0
923 625 0
925 624 0
926 623 1
928 621 1
929 621 0
930 619 0
931 619 0
932 618 0
933 617 0
933 616 0
934 615 0
935 614 0
935 613 0
936 612 0
937 610 0
937 608 0
938 607 0
939 605 0
940 603 0
940 602 0
941 601 0
941 600 0
942 599 3
943 598 129
943 597 10
943 596 38
944 595 8
944 594 0
944 593 0
944 592 0
945 591 0
945 589 0
945 588 0
945 587 0
945 586 0
945 583 0
945 580 0
944 576 0
943 573 0
942 568 0
941 565 0
941 560 0
940 557 0
940 553 0
939 546 0
938 541 0
936 534 0
933 530 0
931 525 0
928 518 0
926 514 0
923 508 0
921 504 0
919 501 0
918 497 0
916 493 0
914 490 0
912 486 0
910 482 0
907 478 0
904 473 0
901 470 0
899 466 0
896 463 0
894 460 0
890 456 0
887 452 0
882 447 0
878 442 0
873 437 0
866 430 0
863 427 0
856 421 0
853 419 0
849 417 0
845 415 0
841 413 0
836 411 0
831 409 0
825 407 0
817 405 0
810 404 0
800 402 0
792 400 0
784 399 0
774 397 0
767 396 0
759 395 0
753 395 0
746 395 0
742 395 0
735 395 0
728 395 0
722 396 0
716 397 0
709 397 0
702 398 0
694 398 0
686 399 0
679 399 0
673 400 0
664 401 0
657 403 0
653 405 1
646 408 0
641 410 0
638 412 0
630 417 0
626 420 0
620 424 0
613 428 0
607 433 0
603 436 0
598 439 0
593 443 0
589 446 0
583 450 0
579 453 0
574 458 0
566 465 0
561 470 0
555 477 0
551 481 0
547 486 0
540 494 0
536 501 0
532 506 0
528 512 0
523 519 0
520 525 0
516 532 0
513 538 0
511 545 0
509 550 0
508 554 0
507 558 0
507 565 0
507 578 0
508 584 0
510 593 0
511 599 0
513 606 0
516 613 0
518 619 0
521 626 0
525 633 0
530 642 0
533 648 0
538 654 0
544 663 0
548 668 0
554 676 0
560 683 0
567 690 0
572 696 1
581 704 0
587 710 0
595 716 0
602 722 0
610 728 0
621 735 0
630 741 0
639 746 0
652 754 0
662 759 0
673 765 0
685 770 1
697 775 0
705 778 0
717 783 0
733 788 0
743 790 0
753 793 1
765 795 0
780 798 0
789 800 0
802 801 0
817 803 0
826 803 0
837 803 0
849 803 0
864 803 0
875 802 0
887 800 0
904 797 0
917 794 0
934 790 0
947 787 0
958 784 1
974 779 0
983 776 0
994 772 1
1005 767 0
1016 761 0
1023 756 0
1037 744 0
1045 737 0
1057 724 0
1064 716 0
1070 708 0
1078 698 0
1084 690 0
1090 680 0
1102 652 0
1106 641 0
1108 632 0
1112 619 0
1117 600 0
1122 584 0
1124 573 0
1127 562 0
1130 548 0
1131 538 0
1132 531 0
1133 523 0
1133 514 0
1133 508 0
1133 502 0
1132 494 0
1130 489 0
1127 480 0
1124 473 0
1121 466 0
1115 456 0
1110 446 0
1105 438 0
1098 430 0
1093 422 0
1085 413 0
1079 405 0
1074 398 0
1068 389 1
1063 384 0
1059 378 0
1053 372 0
1049 368 0
1044 363 0
1039 358 0
1034 354 0
1026 349 0
1016 344 0
1006 339 0
996 336 0
984 334 0
972 333 0
960 333 0
953 333 0
942 334 0
928 335 0
916 335 0
903 336 1
887 336 0
868 336 0
852 336 0
837 336 0
825 336 0
813 338 0
803 341 0
795 344 0
788 347 0
779 352 0
772 356 0
764 361 0
757 365 0
751 369 0
745 374 0
740 377 0
736 381 0
732 385 0
726 391 0
723 396 1
718 402 0
714 408 0
710 413 0
704 421 0
699 426 0
694 432 0
688 436 0
684 439 0
682 441 0
678 445 0
676 447 0
674 450 0
673 453 0
672 455 1
669 463 0
666 471 0
664 475 0
661 480 0
660 484 0
657 488 0
655 491 0
653 495 0
652 496 0
651 498 0
650 501 0
649 503 0
647 506 1
646 511 0
645 515 0
644 522 0
642 528 0
641 534 0
640 541 0
639 547 0
637 558 0
637 564 0
637 572 0
637 577 0
638 581 3
642 589 0
644 593 0
648 599 0
651 604 0
656 609 0
659 614 0
663 619 0
667 624 1
674 631 0
677 635 0
682 641 0
689 647 0
694 651 0
701 658 0
707 662 0
714 666 0
723 670 0
730 673 0
738 676 0
747 678 0
755 680 0
765 682 0
773 683 0
782 685 0
795 687 0
804 689 0
814 690 0
826 692 0
835 692 0
848 693 0
860 693 0
868 693 0
880 692 0
888 691 1
897 689 0
908 687 0
918 684 0
926 680 0
937 675 0
944 671 0
951 665 0
957 660 0
962 653 0
965 648 0
967 641 0
968 636 0
968 625 0
968 618 0
968 610 0
968 600 0
967 595 0
967 590 0
967 585 0
966 580 0
966 577 0
964 573 0
963 570 0
960 566 0
956 562 0
952 558 0
946 554 0
935 548 0
926 543 0
916 538 0
903 532 0
893 527 0
890 526 0
878 520 0
871 518 0
864 516 0
858 514 0
853 513 0
848 511 0
843 510 0
839 509 0
835 508 0
830 506 0
827 505 0
823 504 1
818 503 0
814 503 0
810 502 0
808 502 0
805 502 0
803 502 0
801 502 0
800 503 1
797 504 0
794 506 0
790 508 0
788 509 0
784 512 0
780 515 0
777 518 1
775 521 0
772 525 0
769 530 0
767 534 0
765 539 1
763 543 0
762 548 0
761 553 0
760 557 0
760 559 0
759 567 0
759 570 0
759 574 0
759 578 0
759 581 0
759 584 0
760 587 0
761 590 0
763 593 0
764 595 0
767 599 0
768 602 0
770 605 0
773 608 0
775 611 0
777 613 0
779 615 0
782 617 0
785 620 0
789 622 0
792 624 0
797 626 0
802 628 0
808 630 0
815 633 0
820 634 0
826 636 0
832 637 0
839 638 0
847 638 0
852 638 1
857 638 0
861 637 0
864 636 0
867 634 0
869 633 0
871 630 0
873 627 0
874 625 0
875 621 0
876 618 0
876 615 0
876 611 0
875 605 0
874 604 0
873 602 0
873 601 0
872 601 0
872 600 0
871 599 3
871 598 5
870 598 0
869 596 0
867 594 0
865 592 0
862 588 0
859 585 0
856 581 0
855 580 0
854 578 0
852 576 0
849 574 0
848 572 0
846 570 0
844 569 0
842 568 0
840 566 0
838 565 0
836 565 0
834 565 0
832 565 0
829 565 0
826 565 0
823 565 0
819 565 0
817 565 0
814 565 0
813 565 0
813 564 0
812 564 0
813 563 38
814 562 0
815 561 0
816 560 0
817 559 0
820 558 0
824 557 0
830 556 0
838 556 0
845 556 0
853 556 0
858 556 0
866 556 0
872 557 0
876 557 0
880 559 0
884 561 0
886 563 0
888 564 0
890 566 0
891 567 0
893 569 0
894 571 0
895 573 0
896 576 0
897 578 0
899 581 0
902 584 0
905 588 0
908 590 0
911 593 0
914 595 0
916 597 0
917 599 0
918 602 0
919 604 0
921 608 0
921 612 0
922 616 0
923 621 0
923 624 0
923 628 0
923 631 0
923 634 0
922 636 0
920 640 0
919 642 0
918 644 0
917 645 0
916 647 0
914 648 0
913 649 0
911 651 0
909 652 0
905 654 0
902 655 0
899 657 0
894 658 0
890 659 0
884 660 0
880 660 0
876 660 0
872 660 1
867 660 0
862 658 0
857 656 0
851 654 0
847 652 0
841 649 0
836 648 0
831 646 0
827 644 0
823 643 0
819 642 0
817 641 0
813 640 0
810 639 0
807 638 0
803 636 0
799 635 0
795 633 0
790 632 0
785 630 0
781 629 0
777 627 0
774 626 0
771 625 0
769 623 0
767 621 0
765 619 0
764 617 0
763 613 0
761 610 0
760 606 0
758 602 1
756 600 0
755 597 0
753 595 0
751 593 0
749 590 0
747 588 0
745 585 0
742 581 0
740 577 0
738 573 0
737 567 0
735 562 0
733 555 0
731 549 0
729 543 0
728 537 0
727 532 0
727 528 0
727 524 0
727 519 0
727 515 0
727 509 0
728 505 0
729 500 0
730 496 0
731 492 0
732 487 0
733 484 0
735 481 0
737 478 1
739 474 0
741 471 0
744 469 0
748 467 0
751 465 0
754 464 0
759 463 0
763 461 0
768 460 0
773 459 0
777 459 1
782 458 0
787 458 0
794 458 0
799 458 0
806 457 0
814 457 0
821 457 0
830 457 0
837 457 0
843 458 0
848 458 0
855 459 0
860 460 0
866 461 0
871 463 0
876 465 0
881 467 0
885 469 0
889 471 0
893 474 0
897 476 0
901 479 0
907 482 0
914 486 0
920 488 1
928 491 0
938 494 0
945 495 0
955 498 0
964 501 0
970 503 0
976 506 0
982 509 0
986 512 0
992 516 0
996 519 1
1002 523 0
1005 527 0
1008 532 0
1010 536 0
1012 542 0
1013 546 0
1014 552 0
1015 556 0
1015 563 0
1016 568 0
1016 578 0
1017 585 0
1018 592 0
1019 602 0
1019 612 0
1019 620 0
1019 634 0
1019 643 0
1017 651 0
1016 660 0
1015 668 0
1013 675 0
1011 683 0
1007 692 0
1002 700 0
999 707 0
992 715 0
987 722 0
980 729 0
972 738 0
963 745 1
952 753 0
944 757 0
930 760 0
914 760 0
894 757 0
871 752 0
848 748 0
829 744 0
804 739 0
786 734 0
756 724 0
736 715 0
713 705 0
689 695 0
672 688 0
657 682 0
643 675 0
634 668 0
623 656 0
613 639 0
602 616 0
589 590 0
576 565 0
568 548 0
565 536 0
562 522 0
561 507 0
561 494 0
564 477 0
567 463 1
573 443 0
578 429 0
584 405 0
589 387 0
595 371 0
603 354 0
613 339 0
630 323 0
646 311 0
670 297 0
695 283 0
720 274 0
751 267 1
784 264 0
822 263 0
859 263 0
895 263 0
927 265 1
959 270 0
989 278 0
1013 288 1
1037 299 0
1060 309 0
1077 317 0
1092 329 0
1105 346 0
1117 365 0
1125 382 0
1131 397 1
1137 419 0
1142 441 0
1145 454 0
1148 464 0
1150 476 1
1154 496 0
1157 524 1
1159 550 0
1159 575 0
1158 607 0
1155 639 0
1148 668 0
1138 692 0
1130 714 0
1124 737 0
1116 758 0
1105 775 0
1089 798 0
1076 815 0
1061 829 1
1044 846 0
1027 864 1
1008 884 0
988 899 0
964 911 0
943 921 1
906 930 0
850 931 0
800 929 0
746 920 0
677 912 1
621 890 1
550 863 1
503 824 1
470 790 0
440 737 1
425 690 0
428 644 0
446 568 1
464 506 0
485 458 0
503 434 0
526 401 1
549 387 0
580 368 0
628 348 0
663 331 1
706 313 0
749 297 0
778 285 1
803 277 1
824 274 1
841 270 0
856 268 0
866 267 0
877 266 0
887 266 0
897 266 0
910 266 0
925 266 1
944 270 0
972 276 0
998 282 0
1022 293 0
1042 306 0
1062 320 1
1075 333 1
1086 353 0
1100 382 0
1111 425 0
1116 481 0
1118 547 0
1115 612 0
1095 669 1
1033 735 0
958 764 0
881 767 0
772 764 1
662 744 0
576 708 0
492 673 1
418 622 1
384 539 0
384 457 0
409 373 0
459 302 1
528 265 1
608 243 1
690 248 0
771 285 0
824 293 0
847 295 0
856 295 0
857 294 14
860 291 0
861 291 72
862 291 184
869 292 0
882 296 0
893 299 0
898 301 0
901 302 0
908 305 0
917 311 0
928 318 1
941 324 0
955 330 0
967 334 1
979 338 0
990 344 0
996 348 0
1001 353 0
1007 359 0
1016 366 0
1026 373 1
1033 380 0
1038 387 0
1045 402 0
1050 411 0
1052 415 0
1053 418 0
1053 426 0
1053 435 0
1053 445 1
1053 450 0
1051 454 0
1050 459 0
1049 465 0
1048 466 0
1047 467 249
1045 467 0
1037 466 1
1021 462 0
1004 455 0
995 450 0
988 444 1
977 432 0
965 421 0
957 413 0
951 406 1
943 398 0
936 391 1
929 387 0
922 384 0
918 382 0
917 382 118
913 389 0
909 395 0
907 403 0
907 409 0
909 412 0
910 412 0
913 414 0
918 417 0
925 420 0
931 422 0
936 424 0
939 425 0
939 424 14
939 416 1
939 411 0
939 408 0
938 404 0
936 402 1
931 399 0
929 399 0
920 398 0
901 396 0
876 393 1
848 392 0
820 387 1
791 383 0
768 379 0
735 374 0
706 373 0
679 372 0
652 370 0
627 369 0
601 367 0
559 364 0
531 364 1
516 364 1
500 364 1
477 364 0
454 365 0
435 367 0
421 369 0
419 370 0
416 374 0
407 380 0
394 388 0
378 396 0
366 402 0
357 410 0
350 415 0
345 420 0
342 425 0
338 432 0
332 443 0
322 460 0
315 475 0
311 488 0
308 501 0
305 511 1
303 520 0
301 529 0
298 538 0
296 547 0
294 557 0
292 567 0
290 579 0
286 591 0
284 602 0
283 609 0
283 616 1
283 624 0
283 631 0
283 636 1
283 641 0
284 645 0
285 649 0
285 653 1
287 657 0
288 660 0
290 664 0
294 668 0
299 673 0
307 677 1
318 677 0
323 677 0
326 676 0
332 671 0
336 667 0
340 664 0
341 660 0
343 649 0
344 643 0
345 639 0
345 636 0
343 633 0
343 632 0
342 632 15
341 632 9
338 631 0
336 630 0
334 629 0
332 628 1
331 628 0
332 628 200
348 629 0
360 630 0
363 630 0
